maxval: 0.026536941528320312
minval: 0.026508331298828125
