maxval: 0.003731459379196167
minval: 0.003727659583091736
