maxval: 0.0029677003622055054
minval: 0.0029639005661010742
