maxval: 0.0041065216064453125
minval: 0.004099369049072266
