maxval: 0.0041351318359375
minval: 0.00390625
