maxval: 0.003942012786865234
minval: 0.0039348602294921875
