maxval: 0.0043354034423828125
minval: 0.004328250885009766
