maxval: 0.029541015625
minval: 0.02862548828125
