maxval: 0.0035148710012435913
minval: 0.00351107120513916
