maxval: 0.002314135432243347
minval: 0.002310335636138916
